// Wasim Abbas
// http://www.waZim.com
// Copyright (c) 2019
//
// Permission is hereby granted, free of charge, to any person obtaining
// a copy of this software and associated documentation files (the 'Software'),
// to deal in the Software without restriction, including without limitation
// the rights to use, copy, modify, merge, publish, distribute, sublicense,
// and/or sell copies of the Software, and to permit persons to whom the Software
// is furnished to do so, subject to the following conditions:
//
// The above copyright notice and this permission notice shall be included in
// all copies or substantial portions of the Software.
//
// THE SOFTWARE IS PROVIDED 'AS IS', WITHOUT WARRANTY OF ANY KIND,
// EXPRESS OR IMPLIED, INCLUDING BUT NOT LIMITED TO THE WARRANTIES
// OF MERCHANTABILITY, FITNESS FOR A PARTICULAR PURPOSE AND NONINFRINGEMENT.
// IN NO EVENT SHALL THE AUTHORS OR COPYRIGHT HOLDERS BE LIABLE FOR ANY
// CLAIM, DAMAGES OR OTHER LIABILITY, WHETHER IN AN ACTION OF CONTRACT,
// TORT OR OTHERWISE, ARISING FROM, OUT OF OR IN CONNECTION WITH THE SOFTWARE
// OR THE USE OR OTHER DEALINGS IN THE SOFTWARE.
//
// Version: 1.0.0

#pragma once

#include <string>
#include <map>
#include <vector>

struct ColladaMatrix
{
	float v[16];
};

static const unsigned int astro_boy_joints_count = 44;
static std::string astro_boy_joints_names[astro_boy_joints_count] = {"root", "spine01", "spine02", "neck01", "head", "L_clavicle", "L_shoulder", "L_bicep", "L_elbow", "L_forearm", "L_wrist", "L_pinky_01", "L_pinky_02", "L_middle_01", "L_middle_02", "L_index_01", "L_index_02", "L_thumb_01", "L_thumb_02", "R_clavicle", "R_shoulder", "R_bicep", "R_elbow", "R_forearm", "R_wrist", "R_pinky_01", "R_pinky_02", "R_middle_01", "R_middle_02", "R_index_01", "R_index_02", "R_thumb_01", "R_thumb_02", "hips", "L_hip", "L_knee_01", "L_knee_02", "L_ankle", "L_toeBall", "R_hip", "R_knee_01", "R_knee_02", "R_ankle", "R_toeBall"};

static ColladaMatrix astro_boy_skeleton_bind_shape_matrix = {1.0f, 0.0f, 0.0f, 0.0f, 0.0f, 1.0f, 0.0f, 0.0f, 0.0f, 0.0f, 1.0f, 0.0f, 0.0f, 0.0f, 0.0f, 1.0f};

struct  AstroBoyTree
{
	char          m_name[100];        // eg. Upper_Arm.L
	int           m_index;            // Index
	int           m_parent_id;        // previous parent.
	int           m_type;             // 0=NODE, 1=JOINT.
	ColladaMatrix m_transform;        // Joint Matrix.
	ColladaMatrix m_inverse;          // Inverse Joint Matrix.
};

static const unsigned int astro_boy_nodes_count = 64;
static AstroBoyTree astro_boy_tree[astro_boy_nodes_count] =
	{
		{"deformation_rig", 0, -1, 0, {1.0f, 0.0f, 0.0f, -0.33707f, 0.0f, 1.0f, 0.0f, -0.127721f, 0.0f, 0.0f, 1.0f, 0.0f, 0.0f, 0.0f, 0.0f, 1.0f}, {1.0f, 0.0f, 0.0f, 0.0f, 0.0f, 1.0f, 0.0f, 0.0f, 0.0f, 0.0f, 1.0f, 0.0f, 0.0f, 0.0f, 0.0f, 1.0f}},
		{"root", 1, 0, 1, {0.079633f, -0.996824f, 0.0f, 0.0f, 0.992539f, 0.079291f, -0.092624f, 0.057089f, 0.092329f, 0.007376f, 0.995701f, 2.6942f, 0.0f, 0.0f, 0.0f, 1.0f}, {0.0f, 0.995701f, 0.092623f, -0.30639f, -1.0f, 0.0f, 0.0f, 0.0f, 0.0f, -0.092623f, 0.995701f, -2.82193f, 0.0f, 0.0f, 0.0f, 1.0f}},
		{"spine01", 2, 1, 1, {-0.915962f, -0.140877f, 0.375723f, 0.0f, 0.152015f, -0.988378f, 0.0f, 0.0f, 0.371356f, 0.057115f, 0.926732f, 0.460646f, 0.0f, 0.0f, 0.0f, 1.0f}, {0.0f, -0.957547f, 0.288277f, -0.949417f, 1.0f, 0.0f, 0.0f, 0.0f, 0.0f, 0.288277f, 0.957547f, -3.15717f, 0.0f, 0.0f, 0.0f, 1.0f}},
		{"spine02", 3, 2, 1, {0.9933f, 0.067026f, 0.094141f, 0.0f, -0.058502f, 0.994172f, -0.090553f, 0.0f, -0.099662f, 0.084439f, 0.991432f, 0.483701f, 0.0f, 0.0f, 0.0f, 1.0f}, {0.0f, -0.981543f, 0.191242f, -0.581193f, 1.0f, 0.0f, 0.0f, 0.0f, 0.0f, 0.191242f, 0.981543f, -3.71747f, 0.0f, 0.0f, 0.0f, 1.0f}},
		{"neck01", 4, 3, 1, {0.94438f, -0.00004f, 0.328855f, 0.0f, -0.042957f, 0.991416f, 0.123484f, 0.0f, -0.326037f, -0.130743f, 0.936272f, 0.893339f, 0.0f, 0.0f, 0.0f, 1.0f}, {0.0f, -0.990216f, -0.139543f, 0.955307f, 1.0f, 0.0f, 0.0f, 0.0f, 0.0f, -0.139543f, 0.990216f, -4.54803f, 0.0f, 0.0f, 0.0f, 1.0f}},
		{"head", 5, 4, 1, {0.996675f, -0.080362f, 0.013433f, 0.0f, 0.076472f, 0.979545f, 0.18613f, 0.0f, -0.028116f, -0.184484f, 0.982433f, 0.296047f, 0.0f, 0.0f, 0.0f, 1.0f}, {0.0f, -0.990216f, -0.139543f, 0.955307f, 1.0f, 0.0f, 0.0f, 0.0f, 0.0f, -0.139543f, 0.990216f, -4.84409f, 0.0f, 0.0f, 0.0f, 1.0f}},
		{"headEnd", 6, 5, 0, {0.0f, -1.0f, 0.0f, 0.0f, 1.0f, 0.0f, 0.0f, 0.0f, 0.0f, 0.0f, 1.0f, 0.99098f, 0.0f, 0.0f, 0.0f, 1.0f}, {1.0f, 0.0f, 0.0f, 0.0f, 0.0f, 1.0f, 0.0f, 0.0f, 0.0f, 0.0f, 1.0f, 0.0f, 0.0f, 0.0f, 0.0f, 1.0f}},
		{"L_clavicle", 7, 3, 1, {0.981501f, -0.191242f, -0.009041f, -0.029433f, 0.009172f, -0.0002f, 0.999958f, 0.309156f, -0.191236f, -0.981543f, 0.001557f, 0.602835f, 0.0f, 0.0f, 0.0f, 1.0f}, {0.009172f, -0.999958f, -0.000001f, 0.281807f, -0.000201f, 0.0f, -1.0f, 4.34614f, 0.999958f, 0.009172f, -0.000201f, -0.310878f, 0.0f, 0.0f, 0.0f, 1.0f}},
		{"L_shoulder", 8, 7, 1, {0.871875f, -0.231488f, 0.431565f, 0.0f, -0.160801f, 0.697054f, 0.698755f, 0.0f, -0.462577f, -0.678623f, 0.57052f, 0.08984f, 0.0f, 0.0f, 0.0f, 1.0f}, {0.028294f, -0.9996f, 0.0f, 0.274068f, 0.0f, 0.0f, -1.0f, 4.34606f, 0.9996f, 0.028294f, 0.0f, -0.406909f, 0.0f, 0.0f, 0.0f, 1.0f}},
		{"L_bicep", 9, 8, 1, {1.0f, 0.0f, 0.0f, 0.0f, 0.0f, 1.0f, 0.0f, 0.0f, 0.0f, 0.0f, 1.0f, 0.558095f, 0.0f, 0.0f, 0.0f, 1.0f}, {0.028294f, -0.9996f, 0.0f, 0.274068f, 0.0f, 0.0f, -1.0f, 4.34606f, 0.9996f, 0.028294f, 0.0f, -0.965004f, 0.0f, 0.0f, 0.0f, 1.0f}},
		{"L_elbow", 10, 9, 1, {0.066235f, 0.000000f, 0.997804f, 0.0f, 0.000019f, 1.0f, -0.000001f, 0.0f, -0.997804f, 0.000019f, 0.066235f, 0.493535f, 0.0f, 0.0f, 0.0f, 1.0f}, {-0.0242f, -0.999707f, 0.0f, 0.350231f, 0.00002f, 0.0f, -1.0f, 4.34602f, 0.999707f, -0.0242f, 0.00002f, -1.44223f, 0.0f, 0.0f, 0.0f, 1.0f}},
		{"L_forearm", 11, 10, 1, {1.0f, 0.0f, 0.0f, 0.0f, 0.0f, 1.0f, 0.0f, 0.000009f, 0.0f, 0.0f, 1.0f, 0.472776f, 0.0f, 0.0f, 0.0f, 1.0f}, {-0.0242f, -0.999707f, 0.0f, 0.350231f, 0.00002f, 0.0f, -1.0f, 4.34602f, 0.999707f, -0.0242f, 0.00002f, -1.91501f, 0.0f, 0.0f, 0.0f, 1.0f}},
		{"L_wrist", 12, 11, 1, {0.968799f, 0.0f, 0.24785f, 0.0f, 0.0f, 1.0f, 0.0f, -0.000009f, -0.24785f, 0.0f, 0.968799f, 0.431169f, 0.0f, 0.0f, 0.0f, 1.0f}, {-0.0242f, -0.999707f, 0.0f, 0.350231f, 0.00002f, 0.0f, -1.0f, 4.34602f, 0.999707f, -0.0242f, 0.00002f, -2.34618f, 0.0f, 0.0f, 0.0f, 1.0f}},
		{"L_indexOrient", 13, 12, 0, {0.999707f, 0.000000f, -0.0242f, -0.008304f, 0.0f, 1.0f, 0.00002f, 0.013641f, 0.0242f, -0.00002f, 0.999707f, 0.034931f, 0.0f, 0.0f, 0.0f, 1.0f}, {1.0f, 0.0f, 0.0f, 0.0f, 0.0f, 1.0f, 0.0f, 0.0f, 0.0f, 0.0f, 1.0f, 0.0f, 0.0f, 0.0f, 0.0f, 1.0f}},
		{"L_index_01", 14, 13, 1, {0.989166f, -0.11267f, 0.094104f, 0.174974f, 0.0f, 0.641039f, 0.767508f, 0.0f, -0.146799f, -0.759193f, 0.634094f, 0.547705f, 0.0f, 0.0f, 0.0f, 1.0f}, {0.169728f, -0.985491f, 0.0f, -0.062092f, 0.006235f, 0.001073f, -0.99998f, 4.26882f, 0.985471f, 0.169724f, 0.006327f, -2.99811f, 0.0f, 0.0f, 0.0f, 1.0f}},
		{"L_index_02", 15, 14, 1, {0.999906f, 0.012268f, 0.006205f, -0.000000f, -0.000791f, -0.399282f, 0.916828f, 0.0f, 0.013726f, -0.916746f, -0.399235f, 0.225149f, 0.0f, 0.0f, 0.0f, 1.0f}, {0.140565f, -0.990071f, 0.0f, 0.031875f, 0.0f, 0.0f, -1.0f, 4.28906f, 0.990071f, 0.140565f, 0.0f, -3.18313f, 0.0f, 0.0f, 0.0f, 1.0f}},
		{"L_indexEnd", 16, 15, 0, {0.29108f, 0.956699f, 0.0f, 0.0f, -0.956699f, 0.29108f, 0.0f, -0.000000f, 0.0f, 0.0f, 1.0f, 0.281556f, 0.0f, 0.0f, 0.0f, 1.0f}, {1.0f, 0.0f, 0.0f, 0.0f, 0.0f, 1.0f, 0.0f, 0.0f, 0.0f, 0.0f, 1.0f, 0.0f, 0.0f, 0.0f, 0.0f, 1.0f}},
		{"L_middleOrient", 17, 12, 0, {0.999707f, 0.000000f, -0.0242f, -0.008304f, 0.0f, 1.0f, 0.00002f, 0.013641f, 0.0242f, -0.00002f, 0.999707f, 0.034931f, 0.0f, 0.0f, 0.0f, 1.0f}, {1.0f, 0.0f, 0.0f, 0.0f, 0.0f, 1.0f, 0.0f, 0.0f, 0.0f, 0.0f, 1.0f, 0.0f, 0.0f, 0.0f, 0.0f, 1.0f}},
		{"L_middle_01", 18, 17, 1, {1.0f, 0.0f, 0.0f, 0.018981f, 0.0f, 0.684122f, 0.729368f, 0.0f, 0.0f, -0.729368f, 0.684122f, 0.5775f, 0.0f, 0.0f, 0.0f, 1.0f}, {0.0f, -1.0f, 0.0f, 0.281826f, 0.0f, 0.0f, -1.0f, 4.33244f, 1.0f, 0.0f, 0.0f, -2.96652f, 0.0f, 0.0f, 0.0f, 1.0f}},
		{"L_middle_02", 19, 18, 1, {1.0f, 0.0f, 0.0f, 0.0f, 0.0f, -0.191768f, 0.98144f, 0.0f, 0.0f, -0.98144f, -0.191768f, 0.224349f, 0.0f, 0.0f, 0.0f, 1.0f}, {0.0f, -1.0f, 0.0f, 0.281826f, 0.0f, 0.0f, -1.0f, 4.33244f, 1.0f, 0.0f, 0.0f, -3.19087f, 0.0f, 0.0f, 0.0f, 1.0f}},
		{"L_middleEnd", 20, 19, 0, {-0.000000f, 1.0f, 0.0f, 0.0f, -1.0f, -0.000000f, 0.0f, 0.0f, 0.0f, 0.0f, 1.0f, 0.301468f, 0.0f, 0.0f, 0.0f, 1.0f}, {1.0f, 0.0f, 0.0f, 0.0f, 0.0f, 1.0f, 0.0f, 0.0f, 0.0f, 0.0f, 1.0f, 0.0f, 0.0f, 0.0f, 0.0f, 1.0f}},
		{"L_pinkyOrient", 21, 12, 0, {0.999707f, 0.000000f, -0.0242f, -0.008304f, 0.0f, 1.0f, 0.00002f, 0.013641f, 0.0242f, -0.00002f, 0.999707f, 0.034931f, 0.0f, 0.0f, 0.0f, 1.0f}, {1.0f, 0.0f, 0.0f, 0.0f, 0.0f, 1.0f, 0.0f, 0.0f, 0.0f, 0.0f, 1.0f, 0.0f, 0.0f, 0.0f, 0.0f, 1.0f}},
		{"L_pinky_01", 22, 21, 1, {0.985491f, 0.123057f, -0.116895f, -0.142269f, 0.0f, 0.688724f, 0.725024f, 0.044739f, 0.169728f, -0.714505f, 0.678731f, 0.549457f, 0.0f, 0.0f, 0.0f, 1.0f}, {-0.146799f, -0.989166f, 0.0f, 0.555579f, -0.056892f, 0.008443f, -0.998345f, 4.4913f, 0.987529f, -0.146556f, -0.057515f, -2.63247f, 0.0f, 0.0f, 0.0f, 1.0f}},
		{"L_pinky_02", 23, 22, 1, {0.999564f, -0.028968f, -0.00566f, 0.000000f, -0.000186f, -0.197972f, 0.980208f, -0.000000f, -0.029515f, -0.97978f, -0.197891f, 0.211649f, 0.0f, 0.0f, 0.0f, 1.0f}, {-0.133185f, -0.991091f, 0.0f, 0.512748f, -0.052874f, 0.007105f, -0.998576f, 4.47972f, 0.98968f, -0.132996f, -0.05335f, -2.88367f, 0.0f, 0.0f, 0.0f, 1.0f}},
		{"L_pinkyEnd", 24, 23, 0, {0.0f, -1.0f, 0.0f, 0.0f, 1.0f, 0.0f, 0.0f, 0.0f, 0.0f, 0.0f, 1.0f, 0.286789f, 0.0f, 0.0f, 0.0f, 1.0f}, {1.0f, 0.0f, 0.0f, 0.0f, 0.0f, 1.0f, 0.0f, 0.0f, 0.0f, 0.0f, 1.0f, 0.0f, 0.0f, 0.0f, 0.0f, 1.0f}},
		{"L_thumbOrient", 25, 12, 0, {0.999707f, 0.000000f, -0.0242f, -0.008304f, 0.0f, 1.0f, 0.00002f, 0.013641f, 0.0242f, -0.00002f, 0.999707f, 0.034931f, 0.0f, 0.0f, 0.0f, 1.0f}, {1.0f, 0.0f, 0.0f, 0.0f, 0.0f, 1.0f, 0.0f, 0.0f, 0.0f, 0.0f, 1.0f, 0.0f, 0.0f, 0.0f, 0.0f, 1.0f}},
		{"L_thumb_01", 26, 25, 1, {0.850857f, -0.321182f, 0.415793f, 0.201599f, 0.104538f, 0.879058f, 0.465112f, 0.05673f, -0.514892f, -0.352278f, 0.781528f, 0.24198f, 0.0f, 0.0f, 0.0f, 1.0f}, {-0.673739f, -0.73897f, 0.0f, 1.84591f, -0.352279f, 0.321182f, -0.879057f, 4.65358f, 0.649597f, -0.592255f, -0.476716f, 0.387973f, 0.0f, 0.0f, 0.0f, 1.0f}},
		{"L_thumb_02", 27, 26, 1, {0.962438f, 0.174565f, -0.207941f, -0.000000f, -0.129429f, 0.968265f, 0.213801f, -0.000000f, 0.238664f, -0.178857f, 0.954489f, 0.125365f, 0.0f, 0.0f, 0.0f, 1.0f}, {-0.447801f, -0.894133f, 0.0f, 1.23694f, -0.574895f, 0.28792f, -0.765897f, 4.78114f, 0.684814f, -0.342969f, -0.642964f, 0.861756f, 0.0f, 0.0f, 0.0f, 1.0f}},
		{"L_thumbEnd", 28, 27, 0, {0.983411f, 0.18139f, 0.0f, 0.0f, -0.18139f, 0.983411f, 0.0f, 0.0f, 0.0f, 0.0f, 1.0f, 0.229935f, 0.0f, 0.0f, 0.0f, 1.0f}, {1.0f, 0.0f, 0.0f, 0.0f, 0.0f, 1.0f, 0.0f, 0.0f, 0.0f, 0.0f, 1.0f, 0.0f, 0.0f, 0.0f, 0.0f, 1.0f}},
		{"R_clavicle", 29, 3, 1, {-0.981503f, 0.191235f, 0.009041f, -0.029437f, 0.009172f, -0.0002f, 0.999958f, -0.309156f, 0.191229f, 0.981544f, -0.001557f, 0.602815f, 0.0f, 0.0f, 0.0f, 1.0f}, {0.009172f, 0.999958f, 0.000001f, -0.281807f, -0.000201f, 0.0f, 1.0f, -4.34614f, 0.999958f, -0.009172f, 0.000201f, 0.310878f, 0.0f, 0.0f, 0.0f, 1.0f}},
		{"R_shoulder", 30, 29, 1, {0.433075f, -0.205133f, -0.877705f, 0.0f, 0.865529f, 0.366457f, 0.34142f, 0.000017f, 0.251605f, -0.907541f, 0.336252f, -0.08984f, 0.0f, 0.0f, 0.0f, 1.0f}, {0.028294f, 0.9996f, 0.0f, -0.274068f, 0.0f, 0.0f, 1.0f, -4.34606f, 0.9996f, -0.028294f, 0.0f, 0.406909f, 0.0f, 0.0f, 0.0f, 1.0f}},
		{"R_bicep", 31, 30, 1, {1.0f, 0.0f, 0.0f, 0.000000f, 0.0f, 1.0f, 0.0f, 0.0f, 0.0f, 0.0f, 1.0f, -0.558094f, 0.0f, 0.0f, 0.0f, 1.0f}, {0.028294f, 0.9996f, 0.0f, -0.274068f, 0.0f, 0.0f, 1.0f, -4.34606f, 0.9996f, -0.028294f, 0.0f, 0.965004f, 0.0f, 0.0f, 0.0f, 1.0f}},
		{"R_elbow", 32, 31, 1, {-0.437729f, 0.000000f, 0.899107f, 0.0f, 0.000018f, 1.0f, 0.000008f, 0.0f, -0.899107f, 0.00002f, -0.437729f, -0.493535f, 0.0f, 0.0f, 0.0f, 1.0f}, {-0.0242f, 0.999707f, 0.0f, -0.350231f, 0.00002f, 0.0f, 1.0f, -4.34602f, 0.999707f, 0.0242f, -0.00002f, 1.44224f, 0.0f, 0.0f, 0.0f, 1.0f}},
		{"R_forearm", 33, 32, 1, {1.0f, 0.0f, 0.0f, 0.0f, 0.0f, 1.0f, 0.0f, -0.000009f, 0.0f, 0.0f, 1.0f, -0.472776f, 0.0f, 0.0f, 0.0f, 1.0f}, {-0.0242f, 0.999707f, 0.0f, -0.350231f, 0.00002f, 0.0f, 1.0f, -4.34602f, 0.999707f, 0.0242f, -0.00002f, 1.91501f, 0.0f, 0.0f, 0.0f, 1.0f}},
		{"R_wrist", 34, 33, 1, {1.0f, 0.0f, 0.0f, 0.0f, 0.0f, 1.0f, 0.0f, -0.000008f, 0.0f, 0.0f, 1.0f, -0.431169f, 0.0f, 0.0f, 0.0f, 1.0f}, {-0.0242f, 0.999707f, 0.0f, -0.350232f, 0.00002f, 0.0f, 1.0f, -4.34602f, 0.999707f, 0.0242f, -0.00002f, 2.34618f, 0.0f, 0.0f, 0.0f, 1.0f}},
		{"R_middleOrient", 35, 34, 0, {0.999707f, 0.000000f, -0.0242f, 0.008303f, 0.0f, 1.0f, 0.00002f, -0.013622f, 0.0242f, -0.00002f, 0.999707f, -0.03493f, 0.0f, 0.0f, 0.0f, 1.0f}, {1.0f, 0.0f, 0.0f, 0.0f, 0.0f, 1.0f, 0.0f, 0.0f, 0.0f, 0.0f, 1.0f, 0.0f, 0.0f, 0.0f, 0.0f, 1.0f}},
		{"R_middle_01", 36, 35, 1, {1.0f, 0.0f, 0.0f, -0.018981f, 0.0f, 0.38189f, 0.924208f, 0.0f, 0.0f, -0.924208f, 0.38189f, -0.5775f, 0.0f, 0.0f, 0.0f, 1.0f}, {0.169724f, 0.985492f, 0.0f, 0.062083f, 0.006235f, -0.001073f, 0.99998f, -4.26882f, 0.985472f, -0.169721f, -0.006327f, 2.99811f, 0.0f, 0.0f, 0.0f, 1.0f}},
		{"R_middle_02", 37, 36, 1, {1.0f, 0.0f, 0.0f, 0.0f, 0.0f, 0.21012f, 0.977676f, 0.0f, 0.0f, -0.977676f, 0.21012f, -0.22435f, 0.0f, 0.0f, 0.0f, 1.0f}, {0.140565f, 0.990071f, 0.0f, -0.031874f, 0.0f, 0.0f, 1.0f, -4.28906f, 0.990071f, -0.140565f, 0.0f, 3.18313f, 0.0f, 0.0f, 0.0f, 1.0f}},
		{"R_middleEnd", 38, 37, 0, {-0.000000f, 1.0f, -0.000000f, 0.0f, -1.0f, -0.000000f, 0.0f, 0.0f, 0.0f, 0.000000f, 1.0f, -0.301469f, 0.0f, 0.0f, 0.0f, 1.0f}, {1.0f, 0.0f, 0.0f, 0.0f, 0.0f, 1.0f, 0.0f, 0.0f, 0.0f, 0.0f, 1.0f, 0.0f, 0.0f, 0.0f, 0.0f, 1.0f}},
		{"R_pinkyOrient", 39, 34, 0, {0.999707f, 0.000000f, -0.0242f, 0.008303f, 0.0f, 1.0f, 0.00002f, -0.013622f, 0.0242f, -0.00002f, 0.999707f, -0.03493f, 0.0f, 0.0f, 0.0f, 1.0f}, {1.0f, 0.0f, 0.0f, 0.0f, 0.0f, 1.0f, 0.0f, 0.0f, 0.0f, 0.0f, 1.0f, 0.0f, 0.0f, 0.0f, 0.0f, 1.0f}},
		{"R_pinky_01", 40, 39, 1, {0.985492f, 0.156447f, -0.065807f, 0.142268f, 0.0f, 0.387731f, 0.921773f, -0.044724f, 0.169724f, -0.908399f, 0.382105f, -0.549457f, 0.0f, 0.0f, 0.0f, 1.0f}, {0.0f, 1.0f, 0.0f, -0.281826f, 0.0f, 0.0f, 1.0f, -4.33244f, 1.0f, 0.0f, 0.0f, 2.96652f, 0.0f, 0.0f, 0.0f, 1.0f}},
		{"R_pinky_02", 41, 40, 1, {0.999564f, -0.028853f, 0.006201f, 0.0f, -0.000186f, 0.203932f, 0.978985f, -0.000000f, -0.029512f, -0.97856f, 0.203838f, -0.211649f, 0.0f, 0.0f, 0.0f, 1.0f}, {0.0f, 1.0f, 0.0f, -0.281826f, 0.0f, 0.0f, 1.0f, -4.33244f, 1.0f, 0.0f, 0.0f, 3.19087f, 0.0f, 0.0f, 0.0f, 1.0f}},
		{"R_pinkyEnd", 42, 41, 0, {0.0f, -1.0f, 0.0f, 0.000002f, 1.0f, 0.0f, 0.0f, 0.0f, 0.0f, 0.0f, 1.0f, -0.286789f, 0.0f, 0.0f, 0.0f, 1.0f}, {1.0f, 0.0f, 0.0f, 0.0f, 0.0f, 1.0f, 0.0f, 0.0f, 0.0f, 0.0f, 1.0f, 0.0f, 0.0f, 0.0f, 0.0f, 1.0f}},
		{"R_indexOrient", 43, 34, 0, {0.999707f, 0.000000f, -0.0242f, 0.008303f, 0.0f, 1.0f, 0.00002f, -0.013622f, 0.0242f, -0.00002f, 0.999707f, -0.03493f, 0.0f, 0.0f, 0.0f, 1.0f}, {1.0f, 0.0f, 0.0f, 0.0f, 0.0f, 1.0f, 0.0f, 0.0f, 0.0f, 0.0f, 1.0f, 0.0f, 0.0f, 0.0f, 0.0f, 1.0f}},
		{"R_index_01", 44, 43, 1, {0.989167f, -0.132221f, 0.06377f, -0.174974f, 0.0f, 0.434415f, 0.900713f, 0.0f, -0.146796f, -0.890955f, 0.429709f, -0.547705f, 0.0f, 0.0f, 0.0f, 1.0f}, {-0.146796f, 0.989167f, 0.0f, -0.555571f, 0.056892f, 0.008443f, 0.998345f, -4.15925f, 0.987529f, 0.146553f, -0.057515f, 3.13084f, 0.0f, 0.0f, 0.0f, 1.0f}},
		{"R_index_02", 45, 44, 1, {0.999905f, 0.013574f, -0.002167f, 0.0f, 0.00079f, 0.10061f, 0.994925f, -0.025859f, 0.013723f, -0.994833f, 0.10059f, -0.223657f, 0.0f, 0.0f, 0.0f, 1.0f}, {-0.133185f, 0.991091f, 0.0f, -0.512748f, -0.052874f, -0.007105f, 0.998576f, -4.47972f, 0.98968f, 0.132996f, 0.05335f, 2.88367f, 0.0f, 0.0f, 0.0f, 1.0f}},
		{"R_indexEnd", 46, 45, 0, {0.29108f, 0.956699f, 0.0f, 0.0f, -0.956699f, 0.29108f, 0.0f, 0.00002f, 0.0f, 0.0f, 1.0f, -0.281558f, 0.0f, 0.0f, 0.0f, 1.0f}, {1.0f, 0.0f, 0.0f, 0.0f, 0.0f, 1.0f, 0.0f, 0.0f, 0.0f, 0.0f, 1.0f, 0.0f, 0.0f, 0.0f, 0.0f, 1.0f}},
		{"R_thumbOrient", 47, 34, 0, {0.999707f, 0.000000f, -0.0242f, 0.008303f, 0.0f, 1.0f, 0.00002f, -0.013622f, 0.0242f, -0.00002f, 0.999707f, -0.03493f, 0.0f, 0.0f, 0.0f, 1.0f}, {1.0f, 0.0f, 0.0f, 0.0f, 0.0f, 1.0f, 0.0f, 0.0f, 0.0f, 0.0f, 1.0f, 0.0f, 0.0f, 0.0f, 0.0f, 1.0f}},
		{"R_thumb_01", 48, 47, 1, {0.803659f, 0.058104f, 0.592247f, -0.201599f, 0.29135f, 0.829369f, -0.47672f, -0.056732f, -0.518891f, 0.555671f, 0.649601f, -0.241983f, 0.0f, 0.0f, 0.0f, 1.0f}, {-0.673731f, 0.738977f, 0.0f, -1.84589f, 0.352285f, 0.321181f, 0.879055f, -2.86359f, 0.649601f, 0.592247f, -0.47672f, 3.68865f, 0.0f, 0.0f, 0.0f, 1.0f}},
		{"R_thumb_02", 49, 48, 1, {0.962441f, 0.174559f, -0.207934f, 0.0f, 0.129425f, 0.378263f, 0.916606f, -0.105071f, 0.238656f, -0.909091f, 0.341464f, -0.068383f, 0.0f, 0.0f, 0.0f, 1.0f}, {-0.447801f, 0.894133f, 0.0f, -1.23694f, -0.574895f, -0.28792f, 0.765897f, -4.78114f, 0.684814f, 0.342969f, 0.642964f, -0.861752f, 0.0f, 0.0f, 0.0f, 1.0f}},
		{"R_thumbEnd", 50, 49, 0, {0.983411f, 0.18139f, 0.0f, -0.000000f, -0.18139f, 0.983411f, 0.0f, 0.000002f, 0.0f, 0.0f, 1.0f, -0.22993f, 0.0f, 0.0f, 0.0f, 1.0f}, {1.0f, 0.0f, 0.0f, 0.0f, 0.0f, 1.0f, 0.0f, 0.0f, 0.0f, 0.0f, 1.0f, 0.0f, 0.0f, 0.0f, 0.0f, 1.0f}},
		{"hips", 51, 1, 1, {0.100345f, 0.994953f, 0.0f, 0.082237f, -0.994953f, 0.100345f, 0.0f, 0.0f, 0.0f, 0.0f, 1.0f, -0.128229f, 0.0f, 0.0f, 0.0f, 1.0f}, {1.0f, 0.0f, 0.0f, 0.0f, 0.0f, 0.995701f, 0.092623f, -0.388627f, 0.0f, -0.092623f, 0.995701f, -2.6937f, 0.0f, 0.0f, 0.0f, 1.0f}},
		{"L_hip", 52, 51, 1, {-0.019366f, -0.999812f, -0.00091f, 0.342428f, -0.990693f, 0.019066f, 0.134777f, -0.113329f, -0.134734f, 0.003512f, -0.990876f, -0.065132f, 0.0f, 0.0f, 0.0f, 1.0f}, {0.0f, -0.99891f, 0.046686f, -0.092766f, -1.0f, 0.0f, 0.0f, 0.342428f, 0.0f, -0.046686f, -0.99891f, 2.64131f, 0.0f, 0.0f, 0.0f, 1.0f}},
		{"L_knee_01", 53, 52, 1, {-0.916972f, 0.000000f, -0.398952f, 0.0f, -0.000000f, -1.0f, 0.0f, 0.0f, -0.398952f, 0.0f, 0.916972f, 1.00252f, 0.0f, 0.0f, 0.0f, 1.0f}, {0.0f, 0.987751f, 0.156039f, -0.240154f, 1.0f, 0.0f, 0.0f, -0.342428f, 0.0f, 0.156039f, -0.987751f, 1.62375f, 0.0f, 0.0f, 0.0f, 1.0f}},
		{"L_knee_02", 54, 53, 1, {0.984628f, 0.0f, 0.174666f, 0.0f, 0.0f, 1.0f, 0.0f, 0.0f, -0.174666f, 0.0f, 0.984628f, 0.196466f, 0.0f, 0.0f, 0.0f, 1.0f}, {0.0f, 0.987232f, 0.15929f, -0.244852f, 1.0f, 0.0f, 0.0f, -0.342428f, 0.0f, 0.15929f, -0.987232f, 1.42649f, 0.0f, 0.0f, 0.0f, 1.0f}},
		{"L_ankle", 55, 54, 1, {-0.309757f, -0.001021f, -0.950815f, 0.0f, -0.003276f, -0.999992f, 0.002141f, 0.0f, -0.95081f, 0.003778f, 0.309752f, 1.14918f, 0.0f, 0.0f, 0.0f, 1.0f}, {0.0f, -0.477625f, 0.878564f, -0.180433f, -1.0f, 0.0f, 0.0f, 0.342428f, 0.0f, -0.878564f, -0.477625f, 0.32295f, 0.0f, 0.0f, 0.0f, 1.0f}},
		{"L_toeBall", 56, 55, 1, {0.409428f, 0.0f, 0.912342f, 0.0f, 0.0f, 1.0f, 0.0f, 0.0f, -0.912342f, 0.0f, 0.409428f, 0.627705f, 0.0f, 0.0f, 0.0f, 1.0f}, {0.0f, 0.01328f, 0.999912f, -0.008261f, -1.0f, 0.0f, 0.0f, 0.342428f, 0.0f, -0.999912f, 0.01328f, -0.354066f, 0.0f, 0.0f, 0.0f, 1.0f}},
		{"L_toeEnd", 57, 56, 0, {-0.000000f, 0.000006f, 1.0f, 0.0f, -1.0f, 0.0f, -0.000000f, 0.0f, 0.0f, -1.0f, 0.000006f, 0.647591f, 0.0f, 0.0f, 0.0f, 1.0f}, {1.0f, 0.0f, 0.0f, 0.0f, 0.0f, 1.0f, 0.0f, 0.0f, 0.0f, 0.0f, 1.0f, 0.0f, 0.0f, 0.0f, 0.0f, 1.0f}},
		{"R_hip", 58, 51, 1, {0.313678f, -0.949273f, 0.022095f, -0.342428f, 0.724121f, 0.254202f, 0.641116f, -0.113329f, -0.61421f, -0.185104f, 0.767126f, -0.065132f, 0.0f, 0.0f, 0.0f, 1.0f}, {-0.018035f, 0.998807f, -0.045372f, 0.08312f, -0.999826f, -0.017804f, 0.005503f, -0.356368f, 0.004689f, 0.045463f, 0.998955f, -2.63979f, 0.0f, 0.0f, 0.0f, 1.0f}},
		{"R_knee_01", 59, 58, 1, {-0.969768f, 0.0f, -0.244029f, 0.0f, 0.0f, -1.0f, 0.0f, 0.0f, -0.244029f, 0.0f, 0.969768f, -1.00252f, 0.0f, 0.0f, 0.0f, 1.0f}, {0.01661f, -0.985309f, -0.169974f, 0.270033f, 0.999879f, 0.017805f, -0.005504f, 0.356387f, 0.008449f, -0.169853f, 0.985433f, -1.61699f, 0.0f, 0.0f, 0.0f, 1.0f}},
		{"R_knee_02", 60, 59, 1, {0.999927f, 0.0f, 0.012118f, 0.0f, 0.0f, 1.0f, -0.000000f, 0.0f, -0.012118f, 0.000000f, 0.999927f, -0.196467f, 0.0f, 0.0f, 0.0f, 1.0f}, {0.01672f, -0.987467f, -0.15694f, 0.251242f, 0.999826f, 0.017804f, -0.005503f, 0.356368f, 0.008229f, -0.156821f, 0.987593f, -1.42396f, 0.0f, 0.0f, 0.0f, 1.0f}},
		{"R_ankle", 61, 60, 1, {-0.354045f, -0.007658f, -0.935197f, 0.0f, -0.061106f, -0.99764f, 0.031303f, 0.0f, -0.93323f, 0.068229f, 0.352742f, -1.14918f, 0.0f, 0.0f, 0.0f, 1.0f}, {-0.009647f, 0.489142f, -0.872151f, 0.172152f, -0.999846f, -0.017497f, 0.001246f, -0.355105f, -0.01465f, 0.872028f, 0.489236f, -0.331498f, 0.0f, 0.0f, 0.0f, 1.0f}},
		{"R_toeBall", 62, 61, 1, {0.872143f, -0.000000f, 0.489252f, 0.0f, 0.000000f, 1.0f, 0.0f, 0.0f, -0.489252f, 0.0f, 0.872143f, -0.627705f, 0.0f, 0.0f, 0.0f, 1.0f}, {-0.001246f, -0.000034f, -0.999999f, 0.005223f, -0.999846f, -0.017497f, 0.001247f, -0.355105f, -0.017497f, 0.999847f, -0.000012f, 0.34256f, 0.0f, 0.0f, 0.0f, 1.0f}},
		{"R_toeEnd", 63, 62, 0, {-0.000000f, -0.000001f, 1.0f, 0.0f, -1.0f, 0.0f, -0.000000f, 0.0f, 0.0f, -1.0f, -0.000001f, -0.647591f, 0.0f, 0.0f, 0.0f, 1.0f}, {1.0f, 0.0f, 0.0f, 0.0f, 0.0f, 1.0f, 0.0f, 0.0f, 0.0f, 0.0f, 1.0f, 0.0f, 0.0f, 0.0f, 0.0f, 1.0f}}};
