// Wasim Abbas
// http://www.waZim.com
// Copyright (c) 2019
//
// Permission is hereby granted, free of charge, to any person obtaining
// a copy of this software and associated documentation files (the 'Software'),
// to deal in the Software without restriction, including without limitation
// the rights to use, copy, modify, merge, publish, distribute, sublicense,
// and/or sell copies of the Software, and to permit persons to whom the Software
// is furnished to do so, subject to the following conditions:
//
// The above copyright notice and this permission notice shall be included in
// all copies or substantial portions of the Software.
//
// THE SOFTWARE IS PROVIDED 'AS IS', WITHOUT WARRANTY OF ANY KIND,
// EXPRESS OR IMPLIED, INCLUDING BUT NOT LIMITED TO THE WARRANTIES
// OF MERCHANTABILITY, FITNESS FOR A PARTICULAR PURPOSE AND NONINFRINGEMENT.
// IN NO EVENT SHALL THE AUTHORS OR COPYRIGHT HOLDERS BE LIABLE FOR ANY
// CLAIM, DAMAGES OR OTHER LIABILITY, WHETHER IN AN ACTION OF CONTRACT,
// TORT OR OTHERWISE, ARISING FROM, OUT OF OR IN CONNECTION WITH THE SOFTWARE
// OR THE USE OR OTHER DEALINGS IN THE SOFTWARE.
//
// Version: 1.0.0

#include <astro_boy_skeleton.hpp>

unsigned int astro_boy_animation_keyframes_count = 36;
std::vector<float> astro_boy_animation_keyframe_times = {0.000000,0.033333,0.066666,0.100000,0.133333,0.166667,0.200000,0.233333,0.266667,0.300000,0.333333,0.366667,0.400000,0.433333,0.466667,0.500000,0.533333,0.566667,0.600000,0.633333,0.666667,0.700000,0.733333,0.766667,0.800000,0.833333,0.866667,0.900000,0.933333,0.966667,1.000000,1.033330,1.066670,1.100000,1.133330,1.166670};

// Map by joint id, with matrices for all keyframes
std::map<unsigned int, std::vector<ColladaMatrix>> astro_boy_animation_keyframe_matrices = {
	{1,
		{
			{0.079633,-0.996824,0.000000,0.000000,0.992539,0.079291,-0.092624,0.057089,0.092329,0.007376,0.995701,2.694200,0.000000,0.000000,0.000000,1.000000},
			{0.079633,-0.996824,0.000000,0.000000,0.992539,0.079291,-0.092624,0.057089,0.092329,0.007376,0.995701,2.694200,0.000000,0.000000,0.000000,1.000000},
			{0.077015,-0.997030,0.000000,-0.019166,0.992744,0.076684,-0.092624,0.002650,0.092349,0.007133,0.995701,2.683550,0.000000,0.000000,0.000000,1.000000},
			{0.071508,-0.997440,0.000000,-0.054047,0.993152,0.071201,-0.092624,-0.078123,0.092387,0.006623,0.995701,2.671730,0.000000,0.000000,0.000000,1.000000},
			{0.063925,-0.997955,0.000000,-0.086592,0.993665,0.063650,-0.092624,-0.106590,0.092434,0.005920,0.995701,2.678490,0.000000,0.000000,0.000000,1.000000},
			{0.051869,-0.998654,0.000000,-0.119053,0.994361,0.051646,-0.092624,-0.100414,0.092499,0.004804,0.995701,2.791330,0.000000,0.000000,0.000000,1.000000},
			{0.037790,-0.999286,0.000000,-0.150276,0.994990,0.037628,-0.092624,-0.076964,0.092558,0.003500,0.995701,2.907720,0.000000,0.000000,0.000000,1.000000},
			{0.022600,-0.999745,0.000000,-0.178654,0.995447,0.022502,-0.092624,-0.044770,0.092600,0.002093,0.995701,3.016680,0.000000,0.000000,0.000000,1.000000},
			{0.006886,-0.999976,0.000000,-0.205671,0.995678,0.006856,-0.092624,-0.007456,0.092621,0.000637,0.995701,3.116030,0.000000,0.000000,0.000000,1.000000},
			{-0.008382,-0.999965,0.000000,-0.219109,0.995666,-0.008346,-0.092624,0.013555,0.092622,-0.000776,0.995701,3.162690,0.000000,0.000000,0.000000,1.000000},
			{-0.022070,-0.999756,0.000000,-0.218214,0.995459,-0.021975,-0.092624,0.014289,0.092601,-0.002044,0.995701,3.154390,0.000000,0.000000,0.000000,1.000000},
			{-0.034926,-0.999390,0.000000,-0.195101,0.995094,-0.034776,-0.092624,0.018737,0.092568,-0.003234,0.995701,3.106850,0.000000,0.000000,0.000000,1.000000},
			{-0.048426,-0.998827,0.000000,-0.162783,0.994533,-0.048218,-0.092624,0.025114,0.092515,-0.004485,0.995701,3.037930,0.000000,0.000000,0.000000,1.000000},
			{-0.061072,-0.998133,0.000000,-0.124861,0.993843,-0.060809,-0.092624,0.032806,0.092451,-0.005656,0.995701,2.955240,0.000000,0.000000,0.000000,1.000000},
			{-0.071205,-0.997462,0.000000,-0.083748,0.993174,-0.070899,-0.092624,0.041098,0.092389,-0.006595,0.995701,2.865980,0.000000,0.000000,0.000000,1.000000},
			{-0.077647,-0.996981,0.000000,-0.043661,0.992695,-0.077313,-0.092624,0.049121,0.092344,-0.007192,0.995701,2.779860,0.000000,0.000000,0.000000,1.000000},
			{-0.079641,-0.996824,0.000000,-0.008539,0.992538,-0.079299,-0.092624,0.057066,0.092330,-0.007376,0.995701,2.707950,0.000000,0.000000,0.000000,1.000000},
			{-0.075807,-0.997122,0.000000,0.021531,0.992836,-0.075481,-0.092624,0.003596,0.092358,-0.007021,0.995701,2.673590,0.000000,0.000000,0.000000,1.000000},
			{-0.066101,-0.997813,0.000000,0.048744,0.993523,-0.065817,-0.092624,-0.077015,0.092421,-0.006122,0.995701,2.659200,0.000000,0.000000,0.000000,1.000000},
			{-0.054121,-0.998534,0.000000,0.074534,0.994242,-0.053888,-0.092624,-0.105168,0.092488,-0.005012,0.995701,2.663560,0.000000,0.000000,0.000000,1.000000},
			{-0.040969,-0.999160,0.000000,0.099097,0.994865,-0.040793,-0.092624,-0.099434,0.092546,-0.003794,0.995701,2.780940,0.000000,0.000000,0.000000,1.000000},
			{-0.026535,-0.999648,0.000000,0.122563,0.995351,-0.026421,-0.092624,-0.076374,0.092591,-0.002457,0.995701,2.901300,0.000000,0.000000,0.000000,1.000000},
			{-0.011673,-0.999932,0.000000,0.144764,0.995633,-0.011623,-0.092624,-0.044469,0.092618,-0.001081,0.995701,3.013520,0.000000,0.000000,0.000000,1.000000},
			{0.003198,-0.999995,0.000000,0.166433,0.995696,0.003184,-0.092624,-0.007398,0.092622,0.000296,0.995701,3.115190,0.000000,0.000000,0.000000,1.000000},
			{0.017491,-0.999847,0.000000,0.185903,0.995549,0.017415,-0.092624,0.013590,0.092610,0.001620,0.995701,3.162690,0.000000,0.000000,0.000000,1.000000},
			{0.030480,-0.999535,0.000000,0.199259,0.995238,0.030349,-0.092624,0.014372,0.092581,0.002823,0.995701,3.153490,0.000000,0.000000,0.000000,1.000000},
			{0.042105,-0.999113,0.000000,0.203953,0.994818,0.041924,-0.092624,0.018684,0.092541,0.003899,0.995701,3.107360,0.000000,0.000000,0.000000,1.000000},
			{0.052081,-0.998643,0.000000,0.198485,0.994350,0.051857,-0.092624,0.023960,0.092498,0.004824,0.995701,3.050340,0.000000,0.000000,0.000000,1.000000},
			{0.060537,-0.998166,0.000000,0.176941,0.993875,0.060277,-0.092624,0.029846,0.092454,0.005607,0.995701,2.987060,0.000000,0.000000,0.000000,1.000000},
			{0.067476,-0.997721,0.000000,0.142939,0.993432,0.067186,-0.092624,0.036109,0.092413,0.006249,0.995701,2.919730,0.000000,0.000000,0.000000,1.000000},
			{0.072827,-0.997345,0.000000,0.101857,0.993057,0.072514,-0.092624,0.042464,0.092378,0.006745,0.995701,2.851420,0.000000,0.000000,0.000000,1.000000},
			{0.077166,-0.997018,0.000000,0.058444,0.992732,0.076834,-0.092624,0.048836,0.092347,0.007147,0.995701,2.782920,0.000000,0.000000,0.000000,1.000000},
			{0.079368,-0.996845,0.000000,0.011850,0.992560,0.079027,-0.092624,0.055436,0.092331,0.007351,0.995701,2.711970,0.000000,0.000000,0.000000,1.000000},
			{0.079633,-0.996824,0.000000,0.000000,0.992539,0.079291,-0.092624,0.057089,0.092329,0.007376,0.995701,2.694200,0.000000,0.000000,0.000000,1.000000},
			{0.079633,-0.996824,0.000000,0.000000,0.992539,0.079291,-0.092624,0.057089,0.092329,0.007376,0.995701,2.694200,0.000000,0.000000,0.000000,1.000000},
			{0.079633,-0.996824,0.000000,0.000000,0.992539,0.079291,-0.092624,0.057089,0.092329,0.007376,0.995701,2.694200,0.000000,0.000000,0.000000,1.000000}
		}
	},
	{2,
		{
			{-0.915962,-0.140877,0.375723,0.000000,0.152015,-0.988378,0.000000,0.000000,0.371356,0.057115,0.926732,0.460646,0.000000,0.000000,0.000000,1.000000},
			{-0.915962,-0.140877,0.375723,0.000000,0.152015,-0.988378,0.000000,0.000000,0.371356,0.057115,0.926732,0.460646,0.000000,0.000000,0.000000,1.000000},
			{-0.917813,-0.144209,0.369895,0.000000,0.155464,-0.987841,0.000624,0.000000,0.365307,0.058079,0.929073,0.460646,0.000000,0.000000,0.000000,1.000000},
			{-0.921427,-0.147011,0.359666,0.000000,0.158290,-0.987391,0.001934,0.000000,0.354846,0.058713,0.933079,0.460646,0.000000,0.000000,0.000000,1.000000},
			{-0.925085,-0.147436,0.349971,0.000000,0.158361,-0.987378,0.002636,0.000000,0.345165,0.057861,0.936757,0.460646,0.000000,0.000000,0.000000,1.000000},
			{-0.930570,-0.138637,0.338849,0.000000,0.148587,-0.988893,0.003464,0.000000,0.334606,0.053572,0.940834,0.460646,0.000000,0.000000,0.000000,1.000000},
			{-0.935881,-0.124565,0.329561,0.000000,0.133343,-0.991062,0.004068,0.000000,0.326108,0.047752,0.944126,0.460646,0.000000,0.000000,0.000000,1.000000},
			{-0.938788,-0.102863,0.328780,0.000000,0.110329,-0.993887,0.004081,0.000000,0.326350,0.040105,0.944398,0.460646,0.000000,0.000000,0.000000,1.000000},
			{-0.940353,-0.075433,0.331731,0.000000,0.081350,-0.996678,0.003966,0.000000,0.330330,0.030716,0.943366,0.460646,0.000000,0.000000,0.000000,1.000000},
			{-0.940428,-0.043587,0.337186,0.000000,0.047624,-0.998859,0.003704,0.000000,0.336640,0.019542,0.941431,0.460646,0.000000,0.000000,0.000000,1.000000},
			{-0.939186,-0.008322,0.343308,0.000000,0.010106,-0.999943,0.003406,0.000000,0.343260,0.006668,0.939217,0.460646,0.000000,0.000000,0.000000,1.000000},
			{-0.936312,0.026985,0.350130,0.000000,-0.027683,-0.999612,0.003012,0.000000,0.350076,-0.006871,0.936696,0.460646,0.000000,0.000000,0.000000,1.000000},
			{-0.932087,0.060688,0.357115,0.000000,-0.064001,-0.997947,0.002544,0.000000,0.356536,-0.020483,0.934057,0.460646,0.000000,0.000000,0.000000,1.000000},
			{-0.927064,0.090973,0.363697,0.000000,-0.096875,-0.995294,0.002020,0.000000,0.362169,-0.033360,0.931515,0.460646,0.000000,0.000000,0.000000,1.000000},
			{-0.922035,0.115141,0.369586,0.000000,-0.123333,-0.992364,0.001475,0.000000,0.366934,-0.044221,0.929195,0.460646,0.000000,0.000000,0.000000,1.000000},
			{-0.918043,0.130589,0.374358,0.000000,-0.140455,-0.990087,0.000937,0.000000,0.370769,-0.051719,0.927284,0.460646,0.000000,0.000000,0.000000,1.000000},
			{-0.916060,0.140254,0.375717,0.000000,-0.151308,-0.988487,0.000084,0.000000,0.371404,-0.056771,0.926734,0.460646,0.000000,0.000000,0.000000,1.000000},
			{-0.917821,0.140766,0.371199,0.000000,-0.151896,-0.988396,-0.000756,0.000000,0.366785,-0.057078,0.928553,0.460646,0.000000,0.000000,0.000000,1.000000},
			{-0.922356,0.137347,0.361102,0.000000,-0.148213,-0.988952,-0.002424,0.000000,0.356780,-0.055756,0.932523,0.460646,0.000000,0.000000,0.000000,1.000000},
			{-0.927847,0.129019,0.349934,0.000000,-0.139123,-0.990268,-0.003775,0.000000,0.346042,-0.052187,0.936767,0.460646,0.000000,0.000000,0.000000,1.000000},
			{-0.933298,0.118316,0.339052,0.000000,-0.127553,-0.991819,-0.005004,0.000000,0.335686,-0.047918,0.940754,0.460646,0.000000,0.000000,0.000000,1.000000},
			{-0.938367,0.103884,0.329659,0.000000,-0.112125,-0.993676,-0.006027,0.000000,0.326948,-0.042619,0.944081,0.460646,0.000000,0.000000,0.000000,1.000000},
			{-0.940596,0.085225,0.328656,0.000000,-0.092364,-0.995706,-0.006138,0.000000,0.326722,-0.036129,0.944430,0.460646,0.000000,0.000000,0.000000,1.000000},
			{-0.941516,0.063388,0.330953,0.000000,-0.069244,-0.997582,-0.005921,0.000000,0.329778,-0.028492,0.943628,0.460646,0.000000,0.000000,0.000000,1.000000},
			{-0.941196,0.039125,0.335589,0.000000,-0.043483,-0.999039,-0.005479,0.000000,0.335052,-0.019749,0.941992,0.460646,0.000000,0.000000,0.000000,1.000000},
			{-0.940106,0.013131,0.340630,0.000000,-0.015777,-0.999863,-0.004999,0.000000,0.340518,-0.010074,0.940184,0.460646,0.000000,0.000000,0.000000,1.000000},
			{-0.937978,-0.013231,0.346442,0.000000,0.012474,-0.999913,-0.004413,0.000000,0.346470,0.000182,0.938061,0.460646,0.000000,0.000000,0.000000,1.000000},
			{-0.934929,-0.039530,0.352626,0.000000,0.040831,-0.999159,-0.003749,0.000000,0.352478,0.010892,0.935757,0.460646,0.000000,0.000000,0.000000,1.000000},
			{-0.931139,-0.064931,0.358838,0.000000,0.068398,-0.997653,-0.003038,0.000000,0.358194,0.021714,0.933395,0.460646,0.000000,0.000000,0.000000,1.000000},
			{-0.927006,-0.088143,0.364540,0.000000,0.093752,-0.995593,-0.002321,0.000000,0.363139,0.032024,0.931185,0.460646,0.000000,0.000000,0.000000,1.000000},
			{-0.923077,-0.107921,0.369164,0.000000,0.115487,-0.993308,-0.001612,0.000000,0.366867,0.041145,0.929363,0.460646,0.000000,0.000000,0.000000,1.000000},
			{-0.919193,-0.125673,0.373217,0.000000,0.135099,-0.990832,-0.000909,0.000000,0.369910,0.049584,0.927744,0.460646,0.000000,0.000000,0.000000,1.000000},
			{-0.916461,-0.138397,0.375427,0.000000,0.149243,-0.988800,-0.000189,0.000000,0.371248,0.055856,0.926852,0.460646,0.000000,0.000000,0.000000,1.000000},
			{-0.915962,-0.140877,0.375723,0.000000,0.152015,-0.988378,0.000000,0.000000,0.371356,0.057115,0.926732,0.460646,0.000000,0.000000,0.000000,1.000000},
			{-0.915962,-0.140877,0.375723,0.000000,0.152015,-0.988378,0.000000,0.000000,0.371356,0.057115,0.926732,0.460646,0.000000,0.000000,0.000000,1.000000},
			{-0.915962,-0.140877,0.375723,0.000000,0.152015,-0.988378,0.000000,0.000000,0.371356,0.057115,0.926732,0.460646,0.000000,0.000000,0.000000,1.000000}
		}
	},
	{3,
		{
			{0.993300,0.067026,0.094141,0.000000,-0.058502,0.994172,-0.090553,0.000000,-0.099662,0.084439,0.991432,0.483701,0.000000,0.000000,0.000000,1.000000},
			{0.993300,0.067026,0.094141,0.000000,-0.058502,0.994172,-0.090553,0.000000,-0.099662,0.084439,0.991432,0.483701,0.000000,0.000000,0.000000,1.000000},
			{0.993295,0.068970,0.092775,0.000000,-0.062272,0.995367,-0.073252,0.000000,-0.097397,0.066984,0.992989,0.483701,0.000000,0.000000,0.000000,1.000000},
			{0.993249,0.071876,0.091047,0.000000,-0.068157,0.996734,-0.043320,0.000000,-0.093863,0.036822,0.994904,0.483701,0.000000,0.000000,0.000000,1.000000},
			{0.993273,0.072975,0.089906,0.000000,-0.071701,0.997276,-0.017325,0.000000,-0.090925,0.010762,0.995800,0.483701,0.000000,0.000000,0.000000,1.000000},
			{0.993472,0.071651,0.088768,0.000000,-0.072593,0.997334,0.007430,0.000000,-0.087999,-0.013826,0.996025,0.483701,0.000000,0.000000,0.000000,1.000000},
			{0.993501,0.067686,0.091507,0.000000,-0.070635,0.997070,0.029374,0.000000,-0.089251,-0.035646,0.995371,0.483701,0.000000,0.000000,0.000000,1.000000},
			{0.992805,0.059336,0.104004,0.000000,-0.064322,0.996903,0.045254,0.000000,-0.100996,-0.051618,0.993547,0.483701,0.000000,0.000000,0.000000,1.000000},
			{0.991328,0.047364,0.122578,0.000000,-0.054646,0.996892,0.056740,0.000000,-0.119509,-0.062947,0.990836,0.483701,0.000000,0.000000,0.000000,1.000000},
			{0.989964,0.033013,0.137413,0.000000,-0.042391,0.996926,0.065888,0.000000,-0.134815,-0.071052,0.988320,0.483701,0.000000,0.000000,0.000000,1.000000},
			{0.989617,0.017269,0.142687,0.000000,-0.028022,0.996887,0.073697,0.000000,-0.140970,-0.076930,0.987020,0.483701,0.000000,0.000000,0.000000,1.000000},
			{0.989845,0.001193,0.142143,0.000000,-0.012638,0.996744,0.079637,0.000000,-0.141585,-0.080624,0.986637,0.483701,0.000000,0.000000,0.000000,1.000000},
			{0.990649,-0.014624,0.135652,0.000000,0.003195,0.996453,0.084088,0.000000,-0.136401,-0.082868,0.987182,0.483701,0.000000,0.000000,0.000000,1.000000},
			{0.991945,-0.029500,0.123183,0.000000,0.018800,0.996018,0.087140,0.000000,-0.125263,-0.084122,0.988551,0.483701,0.000000,0.000000,0.000000,1.000000},
			{0.992944,-0.043182,0.110445,0.000000,0.033354,0.995443,0.089334,0.000000,-0.113800,-0.085020,0.989859,0.483701,0.000000,0.000000,0.000000,1.000000},
			{0.993512,-0.055097,0.099487,0.000000,0.046024,0.994760,0.091295,0.000000,-0.103996,-0.086124,0.990842,0.483701,0.000000,0.000000,0.000000,1.000000},
			{0.993412,-0.065000,0.094379,0.000000,0.056389,0.994234,0.091212,0.000000,-0.099764,-0.085289,0.991349,0.483701,0.000000,0.000000,0.000000,1.000000},
			{0.992132,-0.071404,0.102839,0.000000,0.062497,0.994213,0.087378,0.000000,-0.108483,-0.080264,0.990853,0.483701,0.000000,0.000000,0.000000,1.000000},
			{0.989723,-0.074840,0.121853,0.000000,0.065337,0.994635,0.080200,0.000000,-0.127202,-0.071415,0.989303,0.483701,0.000000,0.000000,0.000000,1.000000},
			{0.987327,-0.075263,0.139718,0.000000,0.066152,0.995438,0.068753,0.000000,-0.144255,-0.058639,0.987802,0.483701,0.000000,0.000000,0.000000,1.000000},
			{0.985793,-0.073391,0.151082,0.000000,0.066208,0.996448,0.052043,0.000000,-0.154365,-0.041301,0.987150,0.483701,0.000000,0.000000,0.000000,1.000000},
			{0.984766,-0.068587,0.159786,0.000000,0.064094,0.997394,0.033109,0.000000,-0.161640,-0.022364,0.986596,0.483701,0.000000,0.000000,0.000000,1.000000},
			{0.985025,-0.060526,0.161441,0.000000,0.059007,0.998157,0.014194,0.000000,-0.162003,-0.004455,0.986780,0.483701,0.000000,0.000000,0.000000,1.000000},
			{0.985688,-0.050178,0.160938,0.000000,0.051518,0.998663,-0.004164,0.000000,-0.160514,0.012396,0.986956,0.483701,0.000000,0.000000,0.000000,1.000000},
			{0.986806,-0.038061,0.157370,0.000000,0.041947,0.998890,-0.021442,0.000000,-0.156379,0.027760,0.987307,0.483701,0.000000,0.000000,0.000000,1.000000},
			{0.987849,-0.024512,0.153472,0.000000,0.030451,0.998871,-0.036463,0.000000,-0.152405,0.040694,0.987480,0.483701,0.000000,0.000000,0.000000,1.000000},
			{0.988944,-0.010376,0.147924,0.000000,0.017903,0.998607,-0.049640,0.000000,-0.147202,0.051739,0.987752,0.483701,0.000000,0.000000,0.000000,1.000000},
			{0.990118,0.003965,0.140180,0.000000,0.004652,0.998121,-0.061092,0.000000,-0.140158,0.061140,0.988240,0.483701,0.000000,0.000000,0.000000,1.000000},
			{0.991224,0.018108,0.130948,0.000000,-0.008871,0.997452,-0.070783,0.000000,-0.131896,0.069000,0.988859,0.483701,0.000000,0.000000,0.000000,1.000000},
			{0.992160,0.031397,0.120965,0.000000,-0.021971,0.996673,-0.078487,0.000000,-0.123027,0.075214,0.989549,0.483701,0.000000,0.000000,0.000000,1.000000},
			{0.992902,0.043161,0.110825,0.000000,-0.033915,0.995888,-0.084001,0.000000,-0.113995,0.079646,0.990283,0.483701,0.000000,0.000000,0.000000,1.000000},
			{0.993411,0.054189,0.100983,0.000000,-0.045305,0.995064,-0.088287,0.000000,-0.105269,0.083130,0.990963,0.483701,0.000000,0.000000,0.000000,1.000000},
			{0.993376,0.064551,0.095066,0.000000,-0.055971,0.994340,-0.090307,0.000000,-0.100357,0.084387,0.991366,0.483701,0.000000,0.000000,0.000000,1.000000},
			{0.993300,0.067026,0.094141,0.000000,-0.058502,0.994172,-0.090553,0.000000,-0.099662,0.084439,0.991432,0.483701,0.000000,0.000000,0.000000,1.000000},
			{0.993300,0.067026,0.094141,0.000000,-0.058502,0.994172,-0.090553,0.000000,-0.099662,0.084439,0.991432,0.483701,0.000000,0.000000,0.000000,1.000000},
			{0.993300,0.067026,0.094141,0.000000,-0.058502,0.994172,-0.090553,0.000000,-0.099662,0.084439,0.991432,0.483701,0.000000,0.000000,0.000000,1.000000}
		}
	},
	{4,
		{
			{0.944380,-0.000040,0.328855,0.000000,-0.042957,0.991416,0.123484,0.000000,-0.326037,-0.130743,0.936272,0.893339,0.000000,0.000000,0.000000,1.000000},
			{0.944380,-0.000040,0.328855,0.000000,-0.042957,0.991416,0.123484,0.000000,-0.326037,-0.130743,0.936272,0.893339,0.000000,0.000000,0.000000,1.000000},
			{0.944536,-0.000001,0.328408,0.000000,-0.038949,0.992941,0.112027,0.000000,-0.326090,-0.118605,0.937869,0.893339,0.000000,0.000000,0.000000,1.000000},
			{0.944775,0.000044,0.327719,0.000000,-0.031786,0.995297,0.091504,0.000000,-0.326174,-0.096868,0.940333,0.893339,0.000000,0.000000,0.000000,1.000000},
			{0.944958,0.000061,0.327192,0.000000,-0.024991,0.997092,0.071990,0.000000,-0.326237,-0.076204,0.942211,0.893339,0.000000,0.000000,0.000000,1.000000},
			{0.945107,0.000059,0.326761,0.000000,-0.017573,0.998562,0.050647,0.000000,-0.326288,-0.053609,0.943749,0.893339,0.000000,0.000000,0.000000,1.000000},
			{0.945206,0.000039,0.326474,0.000000,-0.009937,0.999540,0.028650,0.000000,-0.326323,-0.030324,0.944772,0.893339,0.000000,0.000000,0.000000,1.000000},
			{0.945251,0.000010,0.326346,0.000000,-0.002334,0.999975,0.006730,0.000000,-0.326337,-0.007124,0.945227,0.893339,0.000000,0.000000,0.000000,1.000000},
			{0.945240,-0.000020,0.326376,0.000000,0.005151,0.999876,-0.014856,0.000000,-0.326335,0.015724,0.945123,0.893339,0.000000,0.000000,0.000000,1.000000},
			{0.945180,-0.000045,0.326550,0.000000,0.012412,0.999282,-0.035788,0.000000,-0.326314,0.037880,0.944502,0.893339,0.000000,0.000000,0.000000,1.000000},
			{0.945077,-0.000059,0.326847,0.000000,0.019283,0.998268,-0.055577,0.000000,-0.326278,0.058827,0.943442,0.893339,0.000000,0.000000,0.000000,1.000000},
			{0.944945,-0.000059,0.327229,0.000000,0.025515,0.996969,-0.073501,0.000000,-0.326232,0.077804,0.942082,0.893339,0.000000,0.000000,0.000000,1.000000},
			{0.944797,-0.000045,0.327655,0.000000,0.031040,0.995515,-0.089368,0.000000,-0.326181,0.094605,0.940561,0.893339,0.000000,0.000000,0.000000,1.000000},
			{0.944650,-0.000021,0.328080,0.000000,0.035715,0.994063,-0.102773,0.000000,-0.326131,0.108802,0.939043,0.893339,0.000000,0.000000,0.000000,1.000000},
			{0.944521,0.000006,0.328450,0.000000,0.039333,0.992801,-0.113130,0.000000,-0.326086,0.119773,0.937722,0.893339,0.000000,0.000000,0.000000,1.000000},
			{0.944431,0.000028,0.328710,0.000000,0.041698,0.991911,-0.119891,0.000000,-0.326055,0.126935,0.936790,0.893339,0.000000,0.000000,0.000000,1.000000},
			{0.944383,0.000041,0.328848,0.000000,0.042894,0.991441,-0.123310,0.000000,-0.326038,0.130558,0.936298,0.893339,0.000000,0.000000,0.000000,1.000000},
			{0.944395,0.000038,0.328814,0.000000,0.042599,0.991558,-0.122468,0.000000,-0.326043,0.129666,0.936420,0.893339,0.000000,0.000000,0.000000,1.000000},
			{0.944454,0.000022,0.328643,0.000000,0.041097,0.992142,-0.118176,0.000000,-0.326063,0.125118,0.937032,0.893339,0.000000,0.000000,0.000000,1.000000},
			{0.944552,-0.000000,0.328362,0.000000,0.038508,0.993100,-0.110768,0.000000,-0.326097,0.117271,0.938034,0.893339,0.000000,0.000000,0.000000,1.000000},
			{0.944676,-0.000026,0.328005,0.000000,0.034928,0.994322,-0.100516,0.000000,-0.326140,0.106412,0.939313,0.893339,0.000000,0.000000,0.000000,1.000000},
			{0.944814,-0.000047,0.327607,0.000000,0.030468,0.995678,-0.087727,0.000000,-0.326187,0.092868,0.940732,0.893339,0.000000,0.000000,0.000000,1.000000},
			{0.944950,-0.000059,0.327215,0.000000,0.025323,0.997014,-0.072949,0.000000,-0.326234,0.077219,0.942130,0.893339,0.000000,0.000000,0.000000,1.000000},
			{0.945072,-0.000059,0.326862,0.000000,0.019571,0.998216,-0.056405,0.000000,-0.326276,0.059704,0.943387,0.893339,0.000000,0.000000,0.000000,1.000000},
			{0.945169,-0.000047,0.326580,0.000000,0.013294,0.999177,-0.038329,0.000000,-0.326310,0.040569,0.944392,0.893339,0.000000,0.000000,0.000000,1.000000},
			{0.945232,-0.000025,0.326399,0.000000,0.006615,0.999796,-0.019077,0.000000,-0.326332,0.020192,0.945040,0.893339,0.000000,0.000000,0.000000,1.000000},
			{0.945253,0.000001,0.326338,0.000000,-0.000246,1.000000,0.000708,0.000000,-0.326338,-0.000749,0.945253,0.893339,0.000000,0.000000,0.000000,1.000000},
			{0.945228,0.000030,0.326411,0.000000,-0.007257,0.999755,0.020923,0.000000,-0.326331,-0.022146,0.944996,0.893339,0.000000,0.000000,0.000000,1.000000},
			{0.945156,0.000052,0.326619,0.000000,-0.014319,0.999045,0.041276,0.000000,-0.326305,-0.043689,0.944254,0.893339,0.000000,0.000000,0.000000,1.000000},
			{0.945040,0.000062,0.326956,0.000000,-0.021241,0.997899,0.061205,0.000000,-0.326265,-0.064787,0.943056,0.893339,0.000000,0.000000,0.000000,1.000000},
			{0.944887,0.000056,0.327396,0.000000,-0.027815,0.996398,0.080103,0.000000,-0.326212,-0.084795,0.941486,0.893339,0.000000,0.000000,0.000000,1.000000},
			{0.944698,0.000031,0.327940,0.000000,-0.034247,0.994541,0.098561,0.000000,-0.326147,-0.104342,0.939543,0.893339,0.000000,0.000000,0.000000,1.000000},
			{0.944451,-0.000021,0.328652,0.000000,-0.041183,0.992110,0.118414,0.000000,-0.326061,-0.125371,0.936999,0.893339,0.000000,0.000000,0.000000,1.000000},
			{0.944380,-0.000040,0.328855,0.000000,-0.042957,0.991416,0.123484,0.000000,-0.326037,-0.130743,0.936272,0.893339,0.000000,0.000000,0.000000,1.000000},
			{0.944380,-0.000040,0.328855,0.000000,-0.042957,0.991416,0.123484,0.000000,-0.326037,-0.130743,0.936272,0.893339,0.000000,0.000000,0.000000,1.000000},
			{0.944380,-0.000040,0.328855,0.000000,-0.042957,0.991416,0.123484,0.000000,-0.326037,-0.130743,0.936272,0.893339,0.000000,0.000000,0.000000,1.000000}
		}
	},
	{5,
		{
			{0.996675,-0.080362,0.013433,0.000000,0.076472,0.979545,0.186130,0.000000,-0.028116,-0.184484,0.982433,0.296047,0.000000,0.000000,0.000000,1.000000},
			{0.996675,-0.080362,0.013433,0.000000,0.076472,0.979545,0.186130,0.000000,-0.028116,-0.184484,0.982433,0.296047,0.000000,0.000000,0.000000,1.000000},
			{0.997147,-0.074712,-0.010784,0.000000,0.075437,0.981085,0.178273,0.000000,-0.002738,-0.178578,0.983922,0.296047,0.000000,0.000000,0.000000,1.000000},
			{0.996472,-0.065182,-0.052871,0.000000,0.073008,0.983928,0.162959,0.000000,0.041400,-0.166244,0.985215,0.296047,0.000000,0.000000,0.000000,1.000000},
			{0.994133,-0.056300,-0.092355,0.000000,0.069343,0.987040,0.144716,0.000000,0.083011,-0.150272,0.985154,0.296047,0.000000,0.000000,0.000000,1.000000},
			{0.989568,-0.046777,-0.136262,0.000000,0.063217,0.990887,0.118937,0.000000,0.129456,-0.126310,0.983507,0.296047,0.000000,0.000000,0.000000,1.000000},
			{0.984239,-0.039167,-0.172454,0.000000,0.055251,0.994455,0.089477,0.000000,0.167993,-0.097595,0.980945,0.296047,0.000000,0.000000,0.000000,1.000000},
			{0.984542,-0.034422,-0.171730,0.000000,0.045314,0.997174,0.059917,0.000000,0.169182,-0.066772,0.983320,0.296047,0.000000,0.000000,0.000000,1.000000},
			{0.987235,-0.028804,-0.156643,0.000000,0.033715,0.999017,0.028782,0.000000,0.155660,-0.033696,0.987236,0.296047,0.000000,0.000000,0.000000,1.000000},
			{0.991147,-0.021267,-0.131058,0.000000,0.020805,0.999772,-0.004893,0.000000,0.131132,0.002123,0.991363,0.296047,0.000000,0.000000,0.000000,1.000000},
			{0.994580,-0.011152,-0.103375,0.000000,0.006859,0.999103,-0.041787,0.000000,0.103748,0.040851,0.993764,0.296047,0.000000,0.000000,0.000000,1.000000},
			{0.997293,0.001414,-0.073513,0.000000,-0.007151,0.996940,-0.077839,0.000000,0.073178,0.078154,0.994252,0.296047,0.000000,0.000000,0.000000,1.000000},
			{0.998911,0.016026,-0.043812,0.000000,-0.020841,0.993517,-0.111757,0.000000,0.041737,0.112548,0.992769,0.296047,0.000000,0.000000,0.000000,1.000000},
			{0.999364,0.031637,-0.016428,0.000000,-0.033651,0.989314,-0.141862,0.000000,0.011764,0.142324,0.989750,0.296047,0.000000,0.000000,0.000000,1.000000},
			{0.998877,0.046870,0.006956,0.000000,-0.045064,0.985063,-0.166192,0.000000,-0.014642,0.165692,0.986069,0.296047,0.000000,0.000000,0.000000,1.000000},
			{0.997879,0.060137,0.024936,0.000000,-0.054585,0.981613,-0.182913,0.000000,-0.035478,0.181164,0.982813,0.296047,0.000000,0.000000,0.000000,1.000000},
			{0.997037,0.069233,0.033509,0.000000,-0.061605,0.979649,-0.191032,0.000000,-0.046053,0.188402,0.981011,0.296047,0.000000,0.000000,0.000000,1.000000},
			{0.997358,0.067909,0.025803,0.000000,-0.061936,0.980500,-0.186505,0.000000,-0.037965,0.184414,0.982115,0.296047,0.000000,0.000000,0.000000,1.000000},
			{0.998097,0.061524,0.004211,0.000000,-0.059893,0.983373,-0.171436,0.000000,-0.014688,0.170858,0.985186,0.296047,0.000000,0.000000,0.000000,1.000000},
			{0.998428,0.049998,-0.025349,0.000000,-0.053230,0.987390,-0.149090,0.000000,0.017575,0.150205,0.988499,0.296047,0.000000,0.000000,0.000000,1.000000},
			{0.997390,0.035987,-0.062594,0.000000,-0.043348,0.991765,-0.120515,0.000000,0.057741,0.122913,0.990736,0.296047,0.000000,0.000000,0.000000,1.000000},
			{0.994950,0.023157,-0.097667,0.000000,-0.031906,0.995522,-0.088986,0.000000,0.095169,0.091653,0.991233,0.296047,0.000000,0.000000,0.000000,1.000000},
			{0.993148,0.014652,-0.115942,0.000000,-0.021911,0.997861,-0.061585,0.000000,0.114791,0.063703,0.991345,0.296047,0.000000,0.000000,0.000000,1.000000},
			{0.993031,0.008041,-0.117578,0.000000,-0.012317,0.999287,-0.035683,0.000000,0.117208,0.036883,0.992422,0.296047,0.000000,0.000000,0.000000,1.000000},
			{0.993414,0.000926,-0.114573,0.000000,-0.001877,0.999965,-0.008190,0.000000,0.114562,0.008351,0.993381,0.296047,0.000000,0.000000,0.000000,1.000000},
			{0.994907,-0.007710,-0.100503,0.000000,0.010013,0.999698,0.022429,0.000000,0.100300,-0.023321,0.994684,0.296047,0.000000,0.000000,0.000000,1.000000},
			{0.996450,-0.017675,-0.082315,0.000000,0.022091,0.998347,0.053053,0.000000,0.081242,-0.054683,0.995193,0.296047,0.000000,0.000000,0.000000,1.000000},
			{0.997628,-0.029200,-0.062330,0.000000,0.034383,0.995892,0.083768,0.000000,0.059628,-0.085712,0.994534,0.296047,0.000000,0.000000,0.000000,1.000000},
			{0.998246,-0.041760,-0.041960,0.000000,0.046275,0.992502,0.113127,0.000000,0.036922,-0.114871,0.992694,0.296047,0.000000,0.000000,0.000000,1.000000},
			{0.998266,-0.054123,-0.023147,0.000000,0.056824,0.988673,0.138913,0.000000,0.015367,-0.139988,0.990034,0.296047,0.000000,0.000000,0.000000,1.000000},
			{0.997872,-0.064724,-0.007898,0.000000,0.065156,0.985116,0.159064,0.000000,-0.002514,-0.159240,0.987237,0.296047,0.000000,0.000000,0.000000,1.000000},
			{0.997214,-0.074397,0.005451,0.000000,0.072277,0.981710,0.176128,0.000000,-0.018455,-0.175243,0.984352,0.296047,0.000000,0.000000,0.000000,1.000000},
			{0.996742,-0.079674,0.012503,0.000000,0.075999,0.979792,0.185018,0.000000,-0.026992,-0.183465,0.982656,0.296047,0.000000,0.000000,0.000000,1.000000},
			{0.996675,-0.080362,0.013433,0.000000,0.076472,0.979545,0.186130,0.000000,-0.028116,-0.184484,0.982433,0.296047,0.000000,0.000000,0.000000,1.000000},
			{0.996675,-0.080362,0.013433,0.000000,0.076472,0.979545,0.186130,0.000000,-0.028116,-0.184484,0.982433,0.296047,0.000000,0.000000,0.000000,1.000000},
			{0.996675,-0.080362,0.013433,0.000000,0.076472,0.979545,0.186130,0.000000,-0.028116,-0.184484,0.982433,0.296047,0.000000,0.000000,0.000000,1.000000}
		}
	},
	{7,
		{
			{0.981501,-0.191242,-0.009041,-0.029433,0.009172,-0.000200,0.999958,0.309156,-0.191236,-0.981543,0.001557,0.602835,0.000000,0.000000,0.000000,1.000000},
			{0.981501,-0.191242,-0.009041,-0.029433,0.009172,-0.000200,0.999958,0.309156,-0.191236,-0.981543,0.001557,0.602835,0.000000,0.000000,0.000000,1.000000},
			{0.980382,-0.193986,-0.034935,-0.029433,0.031744,-0.019532,0.999305,0.309156,-0.194534,-0.980810,-0.012991,0.602835,0.000000,0.000000,0.000000,1.000000},
			{0.977238,-0.196575,-0.079773,-0.029433,0.070625,-0.053130,0.996087,0.309156,-0.200044,-0.979048,-0.038037,0.602835,0.000000,0.000000,0.000000,1.000000},
			{0.973181,-0.196502,-0.119602,-0.029433,0.105021,-0.083052,0.990996,0.309156,-0.204666,-0.976980,-0.060188,0.602835,0.000000,0.000000,0.000000,1.000000},
			{0.967923,-0.194220,-0.159385,-0.029433,0.139323,-0.112994,0.983779,0.309156,-0.209079,-0.974428,-0.082309,0.602835,0.000000,0.000000,0.000000,1.000000},
			{0.962724,-0.190647,-0.191876,-0.029433,0.167358,-0.137444,0.976269,0.309156,-0.212495,-0.971989,-0.100414,0.602835,0.000000,0.000000,0.000000,1.000000},
			{0.959851,-0.188290,-0.207927,-0.029433,0.181234,-0.149502,0.972010,0.309156,-0.214105,-0.970668,-0.109375,0.602835,0.000000,0.000000,0.000000,1.000000},
			{0.959608,-0.188019,-0.209287,-0.029433,0.182422,-0.150497,0.971634,0.309156,-0.214182,-0.970567,-0.110119,0.602835,0.000000,0.000000,0.000000,1.000000},
			{0.960996,-0.188810,-0.202085,-0.029433,0.176268,-0.144914,0.973617,0.309156,-0.213113,-0.971262,-0.105981,0.602835,0.000000,0.000000,0.000000,1.000000},
			{0.964095,-0.190516,-0.184997,-0.029433,0.161635,-0.131741,0.978018,0.309156,-0.210700,-0.972804,-0.096216,0.602835,0.000000,0.000000,0.000000,1.000000},
			{0.967934,-0.192366,-0.161552,-0.029433,0.141517,-0.113782,0.983375,0.309156,-0.207550,-0.974705,-0.082910,0.602835,0.000000,0.000000,0.000000,1.000000},
			{0.971867,-0.193706,-0.133989,-0.029433,0.117818,-0.092776,0.988692,0.309156,-0.203946,-0.976663,-0.067343,0.602835,0.000000,0.000000,0.000000,1.000000},
			{0.975461,-0.194234,-0.103677,-0.029433,0.091667,-0.069853,0.993337,0.309156,-0.200182,-0.978465,-0.050333,0.602835,0.000000,0.000000,0.000000,1.000000},
			{0.978310,-0.193805,-0.073140,-0.029433,0.065217,-0.046960,0.996765,0.309156,-0.196613,-0.979915,-0.033302,0.602835,0.000000,0.000000,0.000000,1.000000},
			{0.980223,-0.192669,-0.045192,-0.029433,0.040893,-0.026232,0.998819,0.309156,-0.193627,-0.980913,-0.017834,0.602835,0.000000,0.000000,0.000000,1.000000},
			{0.981381,-0.191327,-0.016865,-0.029433,0.016068,-0.005717,0.999855,0.309156,-0.191396,-0.981509,-0.002536,0.602835,0.000000,0.000000,0.000000,1.000000},
			{0.981452,-0.191210,0.013806,-0.029433,-0.011043,0.015513,0.999819,0.309156,-0.191390,-0.981426,0.013114,0.602835,0.000000,0.000000,0.000000,1.000000},
			{0.980563,-0.190982,0.044974,-0.029433,-0.038692,0.036498,0.998584,0.309156,-0.192353,-0.980915,0.028399,0.602835,0.000000,0.000000,0.000000,1.000000},
			{0.978728,-0.190548,0.076045,-0.029433,-0.066289,0.057069,0.996167,0.309156,-0.194158,-0.980017,0.043224,0.602835,0.000000,0.000000,0.000000,1.000000},
			{0.975978,-0.189584,0.107356,-0.029433,-0.094109,0.077565,0.992536,0.309156,-0.196496,-0.978796,0.057860,0.602835,0.000000,0.000000,0.000000,1.000000},
			{0.973027,-0.188255,0.133339,-0.029433,-0.117200,0.094448,0.988607,0.309156,-0.198704,-0.977568,0.069837,0.602835,0.000000,0.000000,0.000000,1.000000},
			{0.971340,-0.187306,0.146337,-0.029433,-0.128754,0.102887,0.986325,0.309156,-0.199801,-0.976898,0.075822,0.602835,0.000000,0.000000,0.000000,1.000000},
			{0.971147,-0.187254,0.147683,-0.029433,-0.129950,0.103741,0.986078,0.309156,-0.199968,-0.976818,0.076414,0.602835,0.000000,0.000000,0.000000,1.000000},
			{0.971635,-0.187924,0.143559,-0.029433,-0.126278,0.100966,0.986843,0.309156,-0.199946,-0.976980,0.074371,0.602835,0.000000,0.000000,0.000000,1.000000},
			{0.972905,-0.189082,0.133057,-0.029433,-0.116948,0.093989,0.988680,0.309156,-0.199448,-0.977453,0.069330,0.602835,0.000000,0.000000,0.000000,1.000000},
			{0.974559,-0.190473,0.118134,-0.029433,-0.103697,0.084095,0.991047,0.309156,-0.198703,-0.978084,0.062204,0.602835,0.000000,0.000000,0.000000,1.000000},
			{0.976287,-0.191785,0.100406,-0.029433,-0.087967,0.072329,0.993494,0.309156,-0.197799,-0.978768,0.053743,0.602835,0.000000,0.000000,0.000000,1.000000},
			{0.977927,-0.192794,0.080559,-0.029433,-0.070367,0.059153,0.995766,0.309156,-0.196743,-0.979455,0.044281,0.602835,0.000000,0.000000,0.000000,1.000000},
			{0.979320,-0.193325,0.059652,-0.029433,-0.051829,0.045279,0.997629,0.309156,-0.195568,-0.980089,0.034323,0.602835,0.000000,0.000000,0.000000,1.000000},
			{0.980362,-0.193315,0.038985,-0.029433,-0.033497,0.031575,0.998940,0.309156,-0.194341,-0.980629,0.024479,0.602835,0.000000,0.000000,0.000000,1.000000},
			{0.981075,-0.192770,0.018234,-0.029433,-0.015077,0.017831,0.999727,0.309156,-0.193042,-0.981082,0.014587,0.602835,0.000000,0.000000,0.000000,1.000000},
			{0.981462,-0.191622,-0.003550,-0.029433,0.004286,0.003425,0.999985,0.309156,-0.191607,-0.981463,0.004183,0.602835,0.000000,0.000000,0.000000,1.000000},
			{0.981501,-0.191242,-0.009041,-0.029433,0.009172,-0.000200,0.999958,0.309156,-0.191236,-0.981543,0.001557,0.602835,0.000000,0.000000,0.000000,1.000000},
			{0.981501,-0.191242,-0.009041,-0.029433,0.009172,-0.000200,0.999958,0.309156,-0.191236,-0.981543,0.001557,0.602835,0.000000,0.000000,0.000000,1.000000},
			{0.981501,-0.191242,-0.009041,-0.029433,0.009172,-0.000200,0.999958,0.309156,-0.191236,-0.981543,0.001557,0.602835,0.000000,0.000000,0.000000,1.000000}
		}
	},
	{8,
		{
			{0.871875,-0.231488,0.431565,0.000000,-0.160801,0.697054,0.698755,0.000000,-0.462577,-0.678623,0.570520,0.089840,0.000000,0.000000,0.000000,1.000000},
			{0.871875,-0.231488,0.431564,0.000000,-0.160801,0.697054,0.698755,0.000000,-0.462577,-0.678623,0.570520,0.089840,0.000000,0.000000,0.000000,1.000000},
			{0.877113,-0.228198,0.422609,0.000000,-0.158470,0.693134,0.703173,0.000000,-0.453387,-0.683733,0.571794,0.089840,0.000000,0.000000,0.000000,1.000000},
			{0.888126,-0.220237,0.403396,0.000000,-0.152648,0.686536,0.710892,0.000000,-0.433510,-0.692939,0.576112,0.089840,0.000000,0.000000,0.000000,1.000000},
			{0.902977,-0.207355,0.376346,0.000000,-0.143411,0.680201,0.718860,0.000000,-0.405050,-0.703086,0.584469,0.089840,0.000000,0.000000,0.000000,1.000000},
			{0.924897,-0.183922,0.332774,0.000000,-0.127525,0.674465,0.727210,0.000000,-0.358194,-0.715031,0.600356,0.089840,0.000000,0.000000,0.000000,1.000000},
			{0.948121,-0.155667,0.277191,0.000000,-0.105032,0.669574,0.735282,0.000000,-0.300058,-0.726250,0.618487,0.089840,0.000000,0.000000,0.000000,1.000000},
			{0.968014,-0.127232,0.216243,0.000000,-0.077891,0.666896,0.741069,0.000000,-0.238500,-0.734209,0.635654,0.089840,0.000000,0.000000,0.000000,1.000000},
			{0.984959,-0.097665,0.142536,0.000000,-0.041717,0.666107,0.744689,0.000000,-0.167675,-0.739434,0.652014,0.089840,0.000000,0.000000,0.000000,1.000000},
			{0.996792,-0.066722,0.044196,0.000000,0.011329,0.664303,0.747378,0.000000,-0.079227,-0.744480,0.662928,0.089840,0.000000,0.000000,0.000000,1.000000},
			{0.995599,-0.034255,-0.087229,0.000000,0.087924,0.663561,0.742938,0.000000,0.032432,-0.747338,0.663652,0.089840,0.000000,0.000000,0.000000,1.000000},
			{0.973235,-0.000066,-0.229812,0.000000,0.172875,0.659096,0.731920,0.000000,0.151420,-0.752059,0.641467,0.089840,0.000000,0.000000,0.000000,1.000000},
			{0.922965,0.041923,-0.382594,0.000000,0.266520,0.647541,0.713903,0.000000,0.277675,-0.760877,0.586484,0.089840,0.000000,0.000000,0.000000,1.000000},
			{0.848763,0.087108,-0.521549,0.000000,0.356976,0.633251,0.686704,0.000000,0.390089,-0.769029,0.506384,0.089840,0.000000,0.000000,0.000000,1.000000},
			{0.769893,0.126662,-0.625477,0.000000,0.430587,0.620291,0.655617,0.000000,0.471019,-0.774078,0.423019,0.089840,0.000000,0.000000,0.000000,1.000000},
			{0.710613,0.148971,-0.687631,0.000000,0.480376,0.611353,0.628877,0.000000,0.514070,-0.777210,0.362874,0.089840,0.000000,0.000000,0.000000,1.000000},
			{0.667928,0.149519,-0.729051,0.000000,0.513121,0.617026,0.596645,0.000000,0.539053,-0.772608,0.335408,0.089840,0.000000,0.000000,0.000000,1.000000},
			{0.661376,0.129217,-0.738840,0.000000,0.510553,0.644064,0.569665,0.000000,0.549470,-0.753979,0.359997,0.089840,0.000000,0.000000,0.000000,1.000000},
			{0.671295,0.076650,-0.737216,0.000000,0.497173,0.691117,0.524573,0.000000,0.549711,-0.718667,0.425834,0.089840,0.000000,0.000000,0.000000,1.000000},
			{0.693130,0.035505,-0.719937,0.000000,0.467194,0.738460,0.486217,0.000000,0.548908,-0.673362,0.495261,0.089840,0.000000,0.000000,0.000000,1.000000},
			{0.713714,0.012513,-0.700326,0.000000,0.431798,0.779393,0.453979,0.000000,0.551510,-0.626411,0.550860,0.089840,0.000000,0.000000,0.000000,1.000000},
			{0.742346,0.001304,-0.670015,0.000000,0.386575,0.815934,0.429896,0.000000,0.547249,-0.578143,0.605201,0.089840,0.000000,0.000000,0.000000,1.000000},
			{0.780381,0.007003,-0.625265,0.000000,0.330731,0.844000,0.422232,0.000000,0.530681,-0.536297,0.656326,0.089840,0.000000,0.000000,0.000000,1.000000},
			{0.824861,0.024515,-0.564803,0.000000,0.267628,0.863087,0.428318,0.000000,0.497974,-0.504460,0.705366,0.089840,0.000000,0.000000,0.000000,1.000000},
			{0.873949,0.052477,-0.483177,0.000000,0.201864,0.865154,0.459086,0.000000,0.442114,-0.498753,0.745507,0.089840,0.000000,0.000000,0.000000,1.000000},
			{0.924389,0.072127,-0.374570,0.000000,0.137900,0.852359,0.504448,0.000000,0.355653,-0.517959,0.777965,0.089840,0.000000,0.000000,0.000000,1.000000},
			{0.964636,0.079499,-0.251310,0.000000,0.076874,0.827129,0.556729,0.000000,0.252126,-0.556361,0.791767,0.089840,0.000000,0.000000,0.000000,1.000000},
			{0.989512,0.070655,-0.125989,0.000000,0.019339,0.799550,0.600288,0.000000,0.143148,-0.596429,0.789798,0.089840,0.000000,0.000000,0.000000,1.000000},
			{0.999002,0.044619,-0.002128,0.000000,-0.033120,0.771835,0.634960,0.000000,0.029974,-0.634256,0.772542,0.089840,0.000000,0.000000,0.000000,1.000000},
			{0.993311,0.001879,0.115460,0.000000,-0.078105,0.747385,0.659785,0.000000,-0.085052,-0.664389,0.742532,0.089840,0.000000,0.000000,0.000000,1.000000},
			{0.973710,-0.052858,0.221572,0.000000,-0.113346,0.731306,0.672565,0.000000,-0.197588,-0.679998,0.706089,0.089840,0.000000,0.000000,0.000000,1.000000},
			{0.940820,-0.115138,0.318749,0.000000,-0.142944,0.717957,0.681252,0.000000,-0.307286,-0.686499,0.659010,0.089840,0.000000,0.000000,0.000000,1.000000},
